J 1 21074109 1SAMREEN                                 5 102107410901 33.6971817 73.04988862017040109:51:26        10:04:29
1 1 21074109 1 1AHSAN
1 1 21074109 1 2FARIDA
1 1 21074109 1 3NAVEED
1 1 21074109 1 4SAKINA
1 1 21074109 1 5RABIA
1 1 21074109 1 6
y 1 21074109 1 1 10210741090101AHSAN                1                                                            1 55         11987 2   011
y 1 21074109 1 2 10210741090102FARIDA               3                                                            2 45         11987 1   011
y 1 21074109 1 3 10210741090103NAVEED               4                                                            1 25         12015 4  1012
y 1 21074109 1 4 10210741090104SAKINA               8                                                            2 23         12015 3   011
y 1 21074109 1 5 10210741090105RABIA                7                                                            2  12016040112       4 011
5 1 21074109 1
2 1 21074109 1
3 1 21074109 1
G 1 21074109 1
L 1 21074109 1
T 1 21074109 1
I 1 21074109 1
H 1 21074109 1
Y 1 21074109 1
[ 1 21074109 1
B 1 21074109 1
^ 1 21074109 1 1 10210741090101AHSAN                                   422                                                                                                                                      1                                                            22                                                              0                                                             0
^ 1 21074109 1 3 10210741090103NAVEED                                  122                                                                                                                                      1                                                            22                                                              0                                                             0
^ 1 21074109 1 0
_ 1 21074109 1 1 10210741090101AHSAN                                   2
_ 1 21074109 1 3 10210741090103NAVEED                                  1 2                         LABORER                  LAHORE                   LAHORE                                             320112
_ 1 21074109 1 2 10210741090102FARIDA                                  2
_ 1 21074109 1 4 10210741090104SAKINA                                  2
_ 1 21074109 1 0
` 1 21074109 1219902                         FAISAL ABAD              FAISALABAD               FAISALABAD                                        199012                         OKARA                    LAHORE                   LAHORE                                             1
a 1 21074109 11113                                                                  21222007 1 11
b 1 21074109 1t                      7  0
c 1 21074109 1
d 1 21074109 1
e 1 21074109 1 51                                                             1 75  751                                                            100013                                                               1    54541                                                            j
f 1 21074109 12                                                             3                                                                   11                                                              1 400
i 1 21074109 11                                                             2 2  51                                                            1                                                            1                                                            11   1
j 1 21074109 11                                                            4                                                                6                                                            25                                                                  6                                                            27
k 1 21074109 111121314201615  770 3500    61 10001 10001                                                            10000 2000 1000 2000
l 1 21074109 111  700 100012 1000 120013  500  60014  100  400
m 1 21074109 1  100  400  200 1800  100  200   50  300
n 1 21074109 11  51  75000001 103  40000001  53  40000002              1 0 2 2 2 0 0 1 1 0 0 1 1 0 1 1 1 1 0 1 1 0 0
o 1 21074109 1112                                                             3       510 2 2 2 2 2 1
p 1 21074109 1 1 10210741090101AHSAN                                    0 01                                                                                     8                                                                                                                                                                                                                                                                                                                                                                                                                                                                                                                                                                                                                     0
p 1 21074109 1 3 10210741090103NAVEED                                   0 01                                                                                     8                                                                                                                                                                                                                                                                                                                                                                                                                                                                                                                                                                                                                     0
p 1 21074109 1 0
4 1 21074109 12
r 1 21074109 1 1 1 2 3 2 2 0           11 102107410901011320131a                                                                    af                                                                       10000abe                                                             2 1 0 0 0 0 0 01122c
r 1 21074109 1 6 6 7 3 1 8 0           11 10210741090101 620111a                                                                    a                                                                         5000abc                                                             1 1 1 1 0 0 0 01122c
u 1 21074109 1 1 10210741090101AHSAN                                   3                                                                        11611
u 1 21074109 1 3 10210741090103NAVEED                                  4                                                                           11
u 1 21074109 1 0
w 1 21074109 1 3 10210741090103NAVEED                                  1 25 5                                                               11                                                            131                                                            1133                                                                                                                               2
w 1 21074109 1 0
x 1 21074109 1565222221322221                                                                1                                                                   411111
g 1 21074109 1111
h 1 21074109 1 1
\ 1 21074109 1131122222
] 1 21074109 111111
