J45242054021 1MAHAK ALI                               14524205402101  1.0000000  1.00000002017033111:43:18
145242054021 1 1ASLAM
145242054021 1 2SHAHEEN
145242054021 1 3WAQAS
145242054021 1 4NARGIS
145242054021 1 5SAIRA
145242054021 1 6AMIR
145242054021 1 7
y45242054021 1 1452420540210101ASLAM                1                                                            1 55         11982 2  1011
y45242054021 1 2452420540210102SHAHEEN              3                                                            2 50         11982 1   011
y45242054021 1 3452420540210103WAQAS                4                                                            1 30         12012 4  1213
y45242054021 1 4452420540210104NARGIS               4                                                            2 24         2         211
y45242054021 1 5452420540210105SAIRA                8                                                            2 26         12012 6   011
y45242054021 1 6452420540210106AMIR                 7                                                            1  32014033112       6 011
545242054021 1 6
245242054021 1 2452420540210102SHAHEEN                                 1112 1                                                            2   3 3                                                            12                                                               22                                                              0                                                             1
245242054021 1 4452420540210104NARGIS                                  1112 8                                                            2   314                                                            114                                                              121                                                             1                                                             6
245242054021 1 5452420540210105SAIRA                                   111210                                                            2   116                                                            121                                                              121                                                             1                                                             7
245242054021 1 0
345242054021 13111111  251  5211123      234                                                                23                                                             522                                                            111221112012 1                                                            1111                                                               1  251123                                                              11122221                                                                                                                                  2582                                                              2581                                                                   1 511 2112   11 52 8242122242411
G45242054021 1 4452420540210104NARGIS              1 24 1                                                              221                                                            221                                                            1121                                                                                                                                21                                                               22                                                            223                                                            2142                                                            112 22
G45242054021 1 5452420540210105SAIRA               1 25 1                                                              233                                                            222                                                            1232                                                                                                                                112                                                              11                                                            222                                                            1 22                                                            121 21                                                            2              24242412424481112111                                                            12                                                            12                                                            2                                                             12                                                            11                                                            12                                                            12                                                             21112                                                            12                                                            11                                                            11                                                            11                                                            2                                                             11                                                            2                                                             242                                                            1                                                            11                                                              121                                                                                                                         11                                                            12                                                            12                                                            1fhj                                                         2                                                            2
G45242054021 1 0
L45242054021 16452420540210106AMIR                 6 22                                                                         1 222   1 21157115221 521 511 531 211 211 221 221 21121211111111211 2532221 21       1                                                            1 22       3                                                            1 22       2                                                              21       2                                                                                                                                                                                            22a                                                                          b                                                                     112120170331120170331120170331120170331120170331220170331220170331120170331                           22017033112017033111                                                            2 2   511          25.025.01          25.025.0                   1 2 2 2 2 2 2
L45242054021 10
T45242054021 1 2452420540210102SHAHEEN              0 01                                                                                     1 11 7                                                            2                                                                                                                                21212                                                                  251                                                                    1                                                                                                                                                                                                                                                              1612  2000
T45242054021 1 4452420540210104NARGIS               0 01                                                                                     1 11 3                                                                                                                                                                                             11212                                                                  251                                                                    12
I45242054021 1
H45242054021 1
Y45242054021 1
[45242054021 1
B45242054021 1
^45242054021 1
_45242054021 1
`45242054021 1
a45242054021 1
b45242054021 1
c45242054021 1
d45242054021 1
e45242054021 1
f45242054021 1
i45242054021 1
j45242054021 1
k45242054021 1
l45242054021 1
m45242054021 1
n45242054021 1
o45242054021 1
p45242054021 1
445242054021 1
r45242054021 1
u45242054021 1
w45242054021 1
x45242054021 1
g45242054021 1
h45242054021 1
\45242054021 1
]45242054021 1
J45242054024 1MAHAK ALI                               14524205402401 33.6999550 73.05426792017032912:36:39
145242054024 1 1ABID HUSSAIN
145242054024 1 2SALMA BEGUM
145242054024 1 3IMRAN ABID
145242054024 1 4KAMRAN ABID
145242054024 1 5RIZWAN ABID
145242054024 1 6ZEESHAN ABID
145242054024 1 7MAHAK IMRAN
145242054024 1 8
y45242054024 1 1452420540240101ABID HUSSAIN         2                                                            1 60         11980 2   011
y45242054024 1 2452420540240102SALMA BEGUM          3                                                            2 50         11980 1   011
y45242054024 1 3452420540240103IMRAN ABID           4                                                            1 32         12014 7   011
y45242054024 1 4452420540240104KAMRAN ABID          4                                                            1 30         2         011
y45242054024 1 5452420540240105RIZWAN ABID          4                                                            1 28         2         011
y45242054024 1 6452420540240106ZEESHAN ABID         4                                                            1 26         2         011
y45242054024 1 7452420540240107MAHAK IMRAN          8                                                            2 25         12014 0   011
545242054024 1 2
245242054024 1 2452420540240102SALMA BEGUM
345242054024 1
G45242054024 1
L45242054024 1
T45242054024 1
I45242054024 1
H45242054024 1
Y45242054024 1
[45242054024 1
B45242054024 1
^45242054024 1
_45242054024 1
`45242054024 1
a45242054024 1
b45242054024 1
c45242054024 1
d45242054024 1
e45242054024 1
f45242054024 1
i45242054024 1
j45242054024 1
k45242054024 1
l45242054024 1
m45242054024 1
n45242054024 1
o45242054024 1
p45242054024 1
445242054024 1
r45242054024 1
u45242054024 1
w45242054024 1
x45242054024 1
g45242054024 1
h45242054024 1
\45242054024 1
]45242054024 1
J 2242054021 2IMRAN ABID                              1 224205402102**********************2017033115:24:20        10:04:28
1 2242054021 2 1AHSAN
1 2242054021 2 2FARIDA
1 2242054021 2 3NAVEED
1 2242054021 2 4SAKINA
1 2242054021 2 5RABIYA
1 2242054021 2 6
y 2242054021 2 1 22420540210201AHSAN                1                                                            1 55         11987 2   011
y 2242054021 2 2 22420540210202FARIDA               3                                                            2 45         11987 1   011
y 2242054021 2 3 22420540210203NAVEED               4                                                            1 25         12015 4  1012
y 2242054021 2 4 22420540210204SAKINA               8                                                            2 23         12015 3   011
y 2242054021 2 5 22420540210205RABIYA               7                                                            2  12016033112       4 011
5 2242054021 2
2 2242054021 2
3 2242054021 2
G 2242054021 2
L 2242054021 2
T 2242054021 2
I 2242054021 2
H 2242054021 2
Y 2242054021 2
[ 2242054021 2
B 2242054021 2
^ 2242054021 2 1 22420540210201AHSAN                                   422                                                                                                                                      1                                                            22                                                              0                                                             0
^ 2242054021 2 3 22420540210203NAVEED                                  422                                                                                                                                      1                                                            22                                                              0                                                             0
^ 2242054021 2 0
_ 2242054021 2 1 22420540210201AHSAN                                   2
_ 2242054021 2 3 22420540210203NAVEED                                  1 2                         LAHORE                   LAHORE                   LAHORE                                             320112
_ 2242054021 2 2 22420540210202FARIDA                                  2
_ 2242054021 2 4 22420540210204SAKINA                                  2
_ 2242054021 2 0
` 2242054021 2219902                         FASIALABAD               FAISLABAD                FAISALABAD                                        199012                         OKARA                    OKARA                    OKARA                                              1
a 2242054021 21113                                                                  21222001 1 21
b 2242054021 2t                     19  0
c 2242054021 2
d 2242054021 2
e 2242054021 2 51                                                             1 75  201                                                            10001                                                                1    41041                                                            b
f 2242054021 22                                                             3                                                                   11                                                              1   0
i 2242054021 21                                                             2 2  51                                                            1                                                            1                                                            23 500
j 2242054021 24                                                            23                                                               2                                                            123567                                                              6                                                            1256
k 2242054021 211121320151617  500 3000    01 10001 10001                                                             1000  500 1000 2000 1000 1000
l 2242054021 211 1500  50012 1500 100013 1500  75014 1500  450
m 2242054021 2 1000  850  200 1800  200  245  254  542
n 2242054021 21 101    500001  22   2000001  53   5000001  13    20000 1 0 3 1 0 1 0 1 1 1 1 1 1 0 1 1 1 1 0 1 1 0 2
o 2242054021 21131                                                            3       510 2 2 2 2 2 2
p 2242054021 2 1 22420540210201AHSAN                                    1 11                                                                                     8                                                                                                                                                                                                                                                                                                                                                                                                                                                                                                                                                                                                                     0
p 2242054021 2 3 22420540210203NAVEED                                   1 1222 22                                                                                8                                                                                                                                                                                                                                                                                                                                                                                                                                                                                                                                                                                                                     0
p 2242054021 2 0
4 2242054021 21
r 2242054021 2 1 5 5 3 5 5 0           11 22420540210201 220151a                                                                    a                                                                         5000abc                                                             1 0 0 0 0 0 0 21122c
u 2242054021 2 1 22420540210201AHSAN                                   3                                                                        11611
u 2242054021 2 3 22420540210203NAVEED                                  1 1                                                             1 220151    14
u 2242054021 2 0
w 2242054021 2 3 22420540210203NAVEED                                  1 30 4                                                               12                                                            431                                                            1132                                                                                                                               3
w 2242054021 2 0
x 2242054021 2521221111111111                                                                1                                                                   111111
g 2242054021 2111
h 2242054021 2 1
\ 2242054021 2231111111
] 2242054021 211112
