J45242054021 1MAHAK ALI                               14524205402101  0.0000000  0.00000002017040109:29:2712:01:49
145242054021 1 1ASLAM
145242054021 1 2SHAHEEN
145242054021 1 3WAQAS
145242054021 1 4NARGIS
145242054021 1 5SAIRA
145242054021 1 6AMIR
145242054021 1 7
y45242054021 1 1452420540210101ASLAM                1                                                            1 55         11982 6  1011
y45242054021 1 2452420540210102SHAHEEN              3                                                            2 50         11982 6   011
y45242054021 1 3452420540210103WAQAS                4                                                            1 30         3        1213
y45242054021 1 4452420540210104NARGIS               4                                                            2 24         2         211
y45242054021 1 5452420540210105SAIRA                8                                                            2 26         12012 3   911
y45242054021 1 6452420540210106AMIR                 7                                                            1  32014040112       3 011
545242054021 1 6
245242054021 1 2452420540210102SHAHEEN                                 1111 1                                                            1 503 8                                                            111                                                              111                                                             3                                                             4
245242054021 1 4452420540210104NARGIS                                  1111 1                                                            1  51 8                                                            111                                                              113                                                             3                                                             1
245242054021 1 5452420540210105SAIRA                                   1111 1                                                            1 501 1                                                            111                                                              111                                                             2                                                             6
245242054021 1 0
345242054021 11111111  501  50131        2                                                                  13                                                            5004                                                            133111112015 2                                                            2421                                                               3    11                                                                12222221                                                                   1                                                                                                                                                                                                          2            00      00
G45242054021 1 4452420540210104NARGIS              1 65 2                                                             1521                                                            121                                                            11321                                                            121                                                            1233112                                                              22                                                            112                                                            1 11                                                            123 21
G45242054021 1 5452420540210105SAIRA               1  5 2                                                             1515                                                                                                                                                                                                                                                               5                                                                                                                                                                                                                                                                                                                               120141 1 02     0 1 02     11113111                                                            11                                                            11                                                            2                                                             11                                                            11                                                            11                                                            16                                                             22                                                                                                                                                                                                                                                                                                                                                                                                                                                                                                                   1                                                            5                                                            11                                                              121                                                                                                                         11                                                            11                                                            11                                                            2
G45242054021 1 0
L45242054021 16452420540210106AMIR                 3 1                                                              61   61     1 231 211 371 172   2   2   2   2   2   1 132   2   2   22122211 43 8 10501 13       2                                                            2                                                                       1 53       2                                                              82       2                                                                                                                                                                                            11def                                                                        abd                                                                   133120140430120140515120170330120140715220140430220140515220140630220150715                           22015033022015063011                                                            1 5201612 54.9 65.010.199.41 54.7 65.510.899.6 54.5 65.5    99.6 1 2 2 2 1 2 1
L45242054021 10
T45242054021 1 2452420540210102SHAHEEN              1 01                                                                                     1 14 5                                                                                                                                                                                             31221                                                               2000012                                                                   12                                                                                                                                                                                                                                                             11 1  1000
T45242054021 1 4452420540210104NARGIS               3 01                                                                                    10                                                                                                                                                                                                                                                                                                                                                                                                                                                                                                                                                                                                               0
T45242054021 1 5452420540210105SAIRA                1 01                                                                                     1 11 4                                                                                                                                                                                             1 531                                                                10002                                                                    1                                                                                                                                                                                                                                                              0
T45242054021 1 0
I45242054021 11
H45242054021 1 2 2 8 2 1 8 5 3 5 3 3 3214524205402101011320131a                                                                a                                                                       10000afg                                                             2 1 0 0 0 0 0 01111c
Y45242054021 1 2452420540210102SHAHEEN                                 3                                                                        11611
Y45242054021 1 4452420540210104NARGIS                                  1 1                                                             11220141    11
Y45242054021 1 5452420540210105SAIRA                                   1 1                                                             1 320151    11
Y45242054021 1 0
[45242054021 1 5 2 1221111111111                                                                1                                                                   111111
B45242054021 1133111211 911412  111211
^45242054021 1
_45242054021 1
`45242054021 1
a45242054021 1
b45242054021 1
c45242054021 1
d45242054021 1
e45242054021 1
f45242054021 1
i45242054021 1
j45242054021 1
k45242054021 1
l45242054021 1
m45242054021 1
n45242054021 1
o45242054021 1
p45242054021 1
445242054021 1
r45242054021 1
u45242054021 1
w45242054021 1
x45242054021 1
g45242054021 1
h45242054021 1
\45242054021 1
]45242054021 1
J45242054024 1MAHAK ALI                               14524205402401 33.6923027 73.04624942017040109:53:42
145242054024 1 1ABID HUSSAIN
145242054024 1 2SALMA BEGUM
145242054024 1 3IMRAN ABID
145242054024 1 4KAMRAN ABID
145242054024 1 5RIZWAN ABID
145242054024 1 6ZEESHAN ABID
145242054024 1 7MAHAK IMRAN
145242054024 1 8
y45242054024 1 1452420540240101ABID HUSSAIN         2                                                            1 60         11980 0   011
y45242054024 1 2452420540240102SALMA BEGUM          3                                                            2 50         11980 7   011
y45242054024 1 3452420540240103IMRAN ABID           4                                                            1 32         12014 0   011
y45242054024 1 4452420540240104KAMRAN ABID          4                                                            1 30         2         011
y45242054024 1 5452420540240105RIZWAN ABID          4                                                            1 28         2         011
y45242054024 1 6452420540240106ZEESHAN ABID         4                                                            1 26         2         011
y45242054024 1 7452420540240107MAHAK IMRAN          8                                                            2 25         12014 0   011
545242054024 1 8
245242054024 1 2452420540240102SALMA BEGUM                             1111 1                                                            1  53 5                                                            111                                                              112                                                             2                                                             2
245242054024 1 7452420540240107MAHAK IMRAN                             1111 1                                                            1  21 8                                                            111                                                              123                                                             6                                                             3
245242054024 1 0
345242054024 11111111  501  50311        2                                                                  13                                                            5004                                                            13311341
G45242054024 1
L45242054024 1
T45242054024 1
I45242054024 1
H45242054024 1
Y45242054024 1
[45242054024 1
B45242054024 1
^45242054024 1
_45242054024 1
`45242054024 1
a45242054024 1
b45242054024 1
c45242054024 1
d45242054024 1
e45242054024 1
f45242054024 1
i45242054024 1
j45242054024 1
k45242054024 1
l45242054024 1
m45242054024 1
n45242054024 1
o45242054024 1
p45242054024 1
445242054024 1
r45242054024 1
u45242054024 1
w45242054024 1
x45242054024 1
g45242054024 1
h45242054024 1
\45242054024 1
]45242054024 1
J 2242054022 2MAHAK ALI                               1 224205402202 33.6977081 73.04615022017040112:39:36
1 2242054022 2 1AKHTAR ALI
1 2242054022 2 2RUKHSANA
1 2242054022 2 3ANEEB
1 2242054022 2 4RIMSHA
1 2242054022 2 5
y 2242054022 2 1 22420540220201AKHTAR ALI           1                                                            1 50         11990 2   011
y 2242054022 2 2 22420540220202RUKHSANA             3                                                            2 40         11990 1   011
y 2242054022 2 3 22420540220203ANEEB                4                                                            1 20         2         011
y 2242054022 2 4 22420540220204RIMSHA               4                                                            2 16         2       2 011
5 2242054022 2 2
2 2242054022 2 2 22420540220202RUKHSANA
3 2242054022 2
G 2242054022 2
L 2242054022 2
T 2242054022 2
I 2242054022 2
H 2242054022 2
Y 2242054022 2
[ 2242054022 2
B 2242054022 2
^ 2242054022 2
_ 2242054022 2
` 2242054022 2
a 2242054022 2
b 2242054022 2
c 2242054022 2
d 2242054022 2
e 2242054022 2
f 2242054022 2
i 2242054022 2
j 2242054022 2
k 2242054022 2
l 2242054022 2
m 2242054022 2
n 2242054022 2
o 2242054022 2
p 2242054022 2
4 2242054022 2
r 2242054022 2
u 2242054022 2
w 2242054022 2
x 2242054022 2
g 2242054022 2
h 2242054022 2
\ 2242054022 2
] 2242054022 2
