J4422199303312SAJIDA                                  14422199303312 33.6960564 73.04882812017033114:46:0412:09:23
14422199303312 1ASLAM
14422199303312 2SHAHEEN
14422199303312 3WAQAS
14422199303312 4NARGIS
14422199303312 5SAIRA
14422199303312 6AMIR
14422199303312 7
y4422199303312 1442219930331201ASLAM                1                                                            1 55         11982 2  1011
y4422199303312 2442219930331202SHAHEEN              3                                                            2 50         11982 1   011
y4422199303312 3442219930331203WAQAS                4                                                            1 30         12012 5  1212
y4422199303312 4442219930331204NARGIS               4                                                            2 24         2         211
y4422199303312 5442219930331205SAIRA                8                                                            2 26         12012 3   011
y4422199303312 6442219930331206AMIR                 7                                                            1  32014033112       2 011
54422199303312 1
24422199303312 2442219930331202SHAHEEN                                 1112 1                                                            2   3 3                                                            114                                                              22                                                              0                                                             1
24422199303312 4442219930331204NARGIS                                  1112 8                                                            2   314                                                            114                                                              121                                                             1                                                             6
24422199303312 5442219930331205SAIRA                                   111210                                                            2   116                                                            111                                                              22                                                              1                                                             7
24422199303312 0
344221993033121173111 1002    111234     12                                                                 14                                                            3002                                                            134462312015 3                                                            1114147                                                            1 500123                                                               21122221                                                                                                                                150002                                                             3000123                                                                 1 511 2112   11 7712 3317720 333
G4422199303312 4442219930331204NARGIS              1 65 2                                                             1521                                                            121                                                            11321                                                            122                                                            1233112                                                              22                                                            112                                                            1 11                                                            123 21
G4422199303312 5442219930331205SAIRA               1  5 4                                                               15                                                                                                                                                                                                                                                               5                                                                                                                                                                                                                                                                                                                               120141 1 02     0 1 01 1 0 21113111                                                            11                                                            11                                                            2                                                             11                                                            11                                                            11                                                            16                                                             22                                                                                                                                                                                                                                                                                                                                                                                                                                                                                                                   1                                                            5                                                            11                                                              121                                                                                                                         11                                                            11                                                            11                                                            2
G4422199303312 0
L44221993033126442219930331206AMIR                 2 1                                                              61   6234   1 232   1 371 172   1 112   2   2   2   1 112   2   2   22222211 43 8 105011023      2                                                            2                                                                       1 53       2                                                              81356    1                                                                                                                                                                                            32cd                                                                         bd                                                                    133220170330220140515220140615220140715220140331220140515220140615220140715                           22014123022015063011                                                            1 5201612 54.9 65.010.199.41 54.7 65.510.899.6 54.5 65.5    99.6 1 2 2 2 1 2 1
L44221993033120
T4422199303312 2442219930331202SHAHEEN              1 01                                                                                     1 14 5                                                                                                                                                                                             31221                                                               2000012                                                                   12                                                                                                                                                                                                                                                             11 1   500
T4422199303312 4442219930331204NARGIS               1 01                                                                                     7                                                                                                                                                                                                                                                                                                                                                                                                                                                                                                                                                                                                               0
T4422199303312 5442219930331205SAIRA                0 11                                                                                     7                                                                                                                                                                                                                                                                                                                                                                                                                                                                                                                                                                                                               0
T4422199303312 0
I44221993033122
H4422199303312 2 1 8 0                114422199303312012820131a                                                                af                                                                      10000acn                                                             2 1 0 0 0 0 0 01112c
H4422199303312 4 310 5 110 4 312 0    11442219930331201 420121a                                                                af                                                                      10000abc                                                             2 1 0 0 0 0 0 01111c
Y4422199303312 2442219930331202SHAHEEN                                 3                                                                        11611
Y4422199303312 4442219930331204NARGIS                                  1 1                                                             1 320163    11
Y4422199303312 5442219930331205SAIRA                                   1 1                                                             1 620151    11
Y4422199303312 0
[4422199303312 5 3 8222113131111                                                                2                                                                   111313
B4422199303312333111211 5112123 121111
^4422199303312
_4422199303312
`4422199303312
a4422199303312
b4422199303312
c4422199303312
d4422199303312
e4422199303312
f4422199303312
i4422199303312
j4422199303312
k4422199303312
l4422199303312
m4422199303312
n4422199303312
o4422199303312
p4422199303312
44422199303312
r4422199303312
u4422199303312
w4422199303312
x4422199303312
g4422199303312
h4422199303312
\4422199303312
]4422199303312
J44221993033 1SAJIDA                                  14422199303301 33.6976585 73.05026252017032912:33:44
144221993033 1 1ARSIAN
144221993033 1 2NAZISH
144221993033 1 3IMRAN
144221993033 1 4KAMRAN
144221993033 1 5NUMAN
144221993033 1 6SABA
144221993033 1 7SAIRA
144221993033 1 8SANA
144221993033 1 9
y44221993033 1 1442219930330101ARSIAN               1                                                            1 50         11992 2   011
y44221993033 1 2442219930330102NAZISH               3                                                            2 43         11992 1   011
y44221993033 1 3442219930330103IMRAN                4                                                            1 22         12012 8  1011
y44221993033 1 4442219930330104KAMRAN               4                                                            1 20         2         011
y44221993033 1 5442219930330105NUMAN                7                                                            1  32014032912       8 011
y44221993033 1 6442219930330106SABA                 4                                                            2 17         2       2 011
y44221993033 1 7442219930330107SAIRA                4                                                            2 14         2       2 011
y44221993033 1 8442219930330108SANA                 8                                                            2 20         12012 3   011
544221993033 1 0
244221993033 1 2442219930330102NAZISH
344221993033 1
G44221993033 1
L44221993033 1
T44221993033 1
I44221993033 1
H44221993033 1
Y44221993033 1
[44221993033 1
B44221993033 1
^44221993033 1
_44221993033 1
`44221993033 1
a44221993033 1
b44221993033 1
c44221993033 1
d44221993033 1
e44221993033 1
f44221993033 1
i44221993033 1
j44221993033 1
k44221993033 1
l44221993033 1
m44221993033 1
n44221993033 1
o44221993033 1
p44221993033 1
444221993033 1
r44221993033 1
u44221993033 1
w44221993033 1
x44221993033 1
g44221993033 1
h44221993033 1
\44221993033 1
]44221993033 1
