J 2 91362017 2SAMINA                                  1 209136201702  1.0000000  1.00000002017032816:55:3516:58:09
1 2 91362017 2 1ALI
1 2 91362017 2 2ALIA
1 2 91362017 2 3NAVEED
1 2 91362017 2 4
y 2 91362017 2 1 20913620170201ALI                  1                                                            1 26         12014 2  1212
y 2 91362017 2 2 20913620170202ALIA                 3                                                            2 24         12014 1  1211
y 2 91362017 2 3 20913620170203NAVEED               4                                                            1  12016032812       31211
5 2 91362017 2 0
2 2 91362017 2 2 20913620170202ALIA                                    1112 5                                                            1  21 8                                                            111                                                              111                                                             0                                                             0
2 2 91362017 2 0
3 2 91362017 21111111 10011000111        1                                                                  11                                                            1002                                                            11211111999811                                                            1113467                                                            1200011                                                                12222221                                                                   1                                                                                                                                                                                                          2            00      00
G 2 91362017 2 2 20913620170202ALIA                1 20 2                                                              011                                                            111                                                            1121                                                                                                                                12                                                               22                                                            111                                                            4                                                               2                                                                 120151 1 02     0 0 02     1112                                                                                                                                                                                                                                                                                                                                                                                                                                                                                                                    1111                                                            11                                                            11                                                            11                                                            11                                                            11                                                            11                                                            12                                                             32                                                            1                                                            11                                                              22                                                                                                                          12                                                            13                                                            2                                                             2
G 2 91362017 2 0
L 2 91362017 23 20913620170203NAVEED               3 1                                                             121   512345612212   2   2   2   2   2   2   2   2   2   2   2   2   22222222                                                                                                                                                                                                                                                                                                                                                                                                                                                                                                                                                                                             112120170328120170328120170328120170328120170328120170328120170328120170328                           1201703283        2                                                                    11           2.542.01          42.042.0           2.542.0 1 2 2 2 1 2 1
L 2 91362017 20
T 2 91362017 2 2 20913620170202ALIA                 0 022212                                                                                                                                                                                                                                                                                                                                                                                                                                                                                                                                                                                                                                                                                                 0
T 2 91362017 2 0
I 2 91362017 2
H 2 91362017 2
Y 2 91362017 2 2 20913620170202ALIA                                    4                                                                           17
Y 2 91362017 2 0
[ 2 91362017 2 5 5 6112114111111                                                                1                                                                   111142
B 2 91362017 2111111110  11111  111112
^ 2 91362017 2
_ 2 91362017 2
` 2 91362017 2
a 2 91362017 2
b 2 91362017 2
c 2 91362017 2
d 2 91362017 2
e 2 91362017 2
f 2 91362017 2
i 2 91362017 2
j 2 91362017 2
k 2 91362017 2
l 2 91362017 2
m 2 91362017 2
n 2 91362017 2
o 2 91362017 2
p 2 91362017 2
4 2 91362017 2
r 2 91362017 2
u 2 91362017 2
w 2 91362017 2
x 2 91362017 2
g 2 91362017 2
h 2 91362017 2
\ 2 91362017 2
] 2 91362017 2
J 2 91362005 2MUDUSSAR RAZA                           1 209136200502  0.0000000  0.00000002017040109:03:09        10:05:15
1 2 91362005 2 1AHSAN
1 2 91362005 2 2FREEDA
1 2 91362005 2 3NAVEED
1 2 91362005 2 4SKINA
1 2 91362005 2 5RABIA
1 2 91362005 2 6
y 2 91362005 2 1 20913620050201AHSAN                1                                                            1 55         11987 0   011
y 2 91362005 2 2 20913620050202FREEDA               3                                                            2 45         11987 0   011
y 2 91362005 2 3 20913620050203NAVEED               4                                                            1 25         12015 4  1012
y 2 91362005 2 4 20913620050204SKINA                8                                                            2 23         12015 3   011
y 2 91362005 2 5 20913620050205RABIA                7                                                            2  12016040112       4 011
5 2 91362005 2
2 2 91362005 2
3 2 91362005 2
G 2 91362005 2
L 2 91362005 2
T 2 91362005 2
I 2 91362005 2
H 2 91362005 2
Y 2 91362005 2
[ 2 91362005 2
B 2 91362005 2
^ 2 91362005 2 1 20913620050201AHSAN                                   4111 1                                                            1  22 5                                                            12                                                               121                                                             0                                                             0
^ 2 91362005 2 3 20913620050203NAVEED                                  111210                                                            1  3116                                                            211                                                              123                                                             1                                                             1
^ 2 91362005 2 0
_ 2 91362005 2 1 20913620050201AHSAN                                   2
_ 2 91362005 2 3 20913620050203NAVEED                                  1 2                         LAHORE                   LAHORE                   LAHORE                                             320112
_ 2 91362005 2 2 20913620050202FREEDA                                  2
_ 2 91362005 2 4 20913620050204SKINA                                   2
_ 2 91362005 2 0
` 2 91362005 2219902                         FAISALABAD               FASISA                   FASISALABAD                                       199012                         OKARA                    OKARA                    OKARA                                              1
a 2 91362005 21113                                                                  21222011 1 21
b 2 91362005 2t                     19  0
c 2 91362005 2
d 2 91362005 2
e 2 91362005 2 51                                                             1 75  501                                                            10001                                                                1    51041                                                            k
f 2 91362005 22                                                             11                                                                  11                                                              1   4
i 2 91362005 21                                                            22 2  51                                                            1                                                            1                                                            21 500
j 2 91362005 24                                                            234                                                              6                                                            5                                                                   6                                                            123457
k 2 91362005 211121320141516  500 3000    01 10001 10001                                                              500  500  500  500  500  500
l 2 91362005 211 1500  50012 1500 200013  500 150014   50   50
m 2 91362005 2   10  500  200 1800  200  100   20  960
n 2 91362005 21 102  20000001  22  20000001  53  20000001  54  5000000 1 2 3 1 0 0 1 1 1 0 0 1 1 1 2 1 3 0 0 0 2 0 0
o 2 91362005 21131                                                            3       51015 2 2 2 2 2
p 2 91362005 2 1 20913620050201AHSAN                                    1 11                                                                                     7                                                                                                                                                                                                                                                                                                                                                                                                                                                                                                                                                                                                                     0
p 2 91362005 2 3 20913620050203NAVEED                                   1 11                                                                                     229 4 6                                                                                                                                                                                             5 8 11                                                                  121                                                                   1                                                                                                                                                                                                                                                                   12 1     1
p 2 91362005 2 0
4 2 91362005 22
r 2 91362005 2 1 1 1 3 1 1 3 2 1 0     33 20913620050203 120131a                                                                    a                                                                        12000abc                                                             2 1 0 0 0 0 0 01111c
r 2 91362005 2 3 1 8 3 1 1 3 2 8 3 1 8 11 20913620050201 120131a                                                                    a                                                                          200abc                                                             0 0 0 0 0 0 0 02222c
u 2 91362005 2 1 20913620050201AHSAN                                   3                                                                        11612
u 2 91362005 2 3 20913620050203NAVEED                                  1 1                                                             1 620151    11
u 2 91362005 2 0
w 2 91362005 2 3 20913620050203NAVEED                                  1 60 3                                                               12                                                            121                                                            11223                                                            121                                                            1121
w 2 91362005 2 0
x 2 91362005 2555211111113111                                                                1                                                                   211222
g 2 91362005 2111
h 2 91362005 2 1
\ 2 91362005 2231111111
] 2 91362005 214111
